$ 1 0.000005 10.20027730826997 50 5 43 5e-11
154 192 160 352 160 0 2 0 5
154 192 224 352 224 0 2 0 5
154 192 288 352 288 0 2 0 5
154 192 352 352 352 0 2 0 5
207 192 176 160 176 4 EN
207 192 240 160 240 4 EN
207 192 304 160 304 4 EN
207 192 368 160 368 4 EN
207 192 336 160 336 4 IN0
207 192 272 160 272 4 IN1
207 192 208 160 208 4 IN2
207 192 144 160 144 4 IN3
207 352 160 400 160 4 OUT3
207 352 224 400 224 4 OUT2
207 352 288 400 288 4 OUT1
207 352 352 400 352 4 OUT0
. disable\sNOT\s4bit 0 2 5 9 EN 1 0 0 IN0 8 4 2 IN1 6 3 2 IN2 4 2 2 IN3 2 1 2 OUT0 9 4 3 OUT1 7 3 3 OUT2 5 2 3 OUT3 3 1 3 XorGateElm\s1\s2\s3\rXorGateElm\s1\s4\s5\rXorGateElm\s1\s6\s7\rXorGateElm\s1\s8\s9 0\\s2\\s0\\s5\s0\\s2\\s0\\s5\s0\\s2\\s0\\s5\s0\\s2\\s0\\s5
410 480 192 560 320 1 disable\sNOT\s4bit 0\s2\s0\s5 0\s2\s0\s5 0\s2\s0\s5 0\s2\s0\s5
