$ 1 0.000005 0.6798259793203881 50 5 50 5e-11
t 736 240 784 240 0 -1 -9.143920754141476e-73 -4.625902092178824e-65 100 default
t 672 240 624 240 0 -1 0 4.625901999677157e-65 100 default
w 704 208 704 272 0
w 624 272 624 256 0
r 624 272 624 352 0 10000
w 672 240 736 240 0
r 784 272 784 352 0 10000
w 784 272 784 256 0
w 624 352 784 352 0
w 624 224 624 144 0
w 624 144 688 144 0
w 720 144 784 144 0
w 784 144 784 224 0
w 704 272 784 272 0
w 672 240 672 272 0
w 672 272 624 272 0
f 704 208 704 144 33 1.5 0.02
207 784 144 832 144 4 cathode
207 624 144 592 144 4 anode
207 784 352 784 384 4 mass
