$ 1 0.000005 10.20027730826997 50 5 50 5e-11
207 864 176 832 176 4 A0
155 864 176 880 176 0 0
155 864 80 880 80 0 0
155 864 -16 880 -16 0 0
155 864 -112 880 -112 0 0
207 864 80 832 80 4 A1
207 864 -16 832 -16 4 A2
207 864 -112 832 -112 4 A3
207 864 -80 832 -80 4 CLK
207 864 16 832 16 4 CLK
207 864 112 832 112 4 CLK
207 864 208 832 208 4 CLK
207 960 -112 992 -112 4 B3
207 960 -16 992 -16 4 B2
207 960 80 992 80 4 B1
207 960 176 992 176 4 B0
. register\s4\sbit 0 2 5 9 A0 1 3 2 A1 5 2 2 A2 8 1 2 A3 11 0 2 B0 2 3 3 B1 6 2 3 B2 9 1 3 B3 12 0 3 CLK 4 4 2 DFlipFlopElm\s1\s2\s3\s4\rDFlipFlopElm\s5\s6\s7\s4\rDFlipFlopElm\s8\s9\s10\s4\rDFlipFlopElm\s11\s12\s13\s4 0\\s0\s0\\s0\s0\\s0\s0\\s0
410 1088 -16 1248 144 1 register\s4\sbit 0\s0 0\s0 0\s0 0\s0
