$ 1 0.000005 10.20027730826997 50 5 43 5e-11
159 592 288 480 288 2 20 10000000000 2.5
159 592 336 480 336 2 20 10000000000 2.5
159 592 384 480 384 2 20 10000000000 2.5
159 592 432 480 432 2 20 10000000000 2.5
w 528 416 528 368 0
w 528 368 528 320 0
w 528 320 528 272 0
207 528 272 528 224 4 SEL
207 480 288 448 288 4 A0
207 480 336 448 336 4 A1
207 480 384 448 384 4 A2
207 480 432 448 432 4 A3
207 592 288 624 288 4 B0
207 592 336 624 336 4 B1
207 592 384 624 384 4 B2
207 592 432 624 432 4 B3
. two\sstate\sbuffer\s4bit 0 3 4 9 A0 2 0 2 A1 5 1 2 A2 7 2 2 A3 9 3 2 B0 1 0 3 B1 4 1 3 B2 6 2 3 B3 8 3 3 SEL 3 1 0 AnalogSwitchElm\s1\s2\s3\rAnalogSwitchElm\s4\s5\s3\rAnalogSwitchElm\s6\s7\s3\rAnalogSwitchElm\s8\s9\s3 2\\s20\\s10000000000\\s2.5\s2\\s20\\s10000000000\\s2.5\s2\\s20\\s10000000000\\s2.5\s2\\s20\\s10000000000\\s2.5
410 704 304 768 400 1 two\sstate\sbuffer\s4bit 2\s20\s10000000000\s2.5 2\s20\s10000000000\s2.5 2\s20\s10000000000\s2.5 2\s20\s10000000000\s2.5
